GENE	vac14	fig4	vac7	vam3	vam7	vps30	vps38	ypt7
G44D	1	1	1	1	1	0	0	1
K6I	1	1	1	1	1	0	1	0
C124S	1	1	1	1	1	0	0	1
N276S	1	1	1	1	1	1	1	1
G38E	1	1	1	1	1	0	0	1
D107V	1	1	1	1	1	1	1	1
R130Q	1	1	1	1	1	0	0	1
G127R	1	1	1	1	1	0	0	1
C124S-4A	1	1	1	1	1	1	1	1
P38H	1	1	1	1	1	1	1	1
M134T	1	1	1	1	1	0	0	0
C136fs	1	1	1	1	1	1	1	1
I101T	1	1	1	1	1	1	1	1
H123Q	1	1	1	1	1	0	0	1
L320X	1	1	1	1	1	0	0	1
A126D	1	1	1	1	1	0	0	0
R14G	1	1	1	1	1	1	0	1
F279I	1	1	1	0	1	0	0	1
A125P	1	1	1	1	1	0	0	1
I135fs	1	1	1	1	1	1	1	1
A151P	1	1	1	0	1	0	0	1
Y180H	1	1	1	1	1	0	0	1
G132D	1	1	1	0	1	0	0	0
A121E	1	1	1	1	1	0	0	1
F241S	1	1	1	1	1	0	0	1
R130L	1	1	1	1	1	1	1	1
H123Y	1	1	1	1	1	1	1	1
D22E	1	1	1	1	1	1	1	1
A121P	1	1	1	0	1	0	0	0
R47W	1	1	1	1	1	0	0	1
A34P	1	1	1	1	1	0	0	1
D252G	1	1	1	1	1	0	0	1
Q171E	1	1	1	1	1	0	0	0
Y68N	1	1	1	1	1	1	1	1
G129R	1	1	1	1	1	1	1	1
R47K	1	1	1	1	1	0	0	1
R130X	1	1	1	1	1	0	0	1
L139X	1	1	1	1	1	0	0	0
Y68H	1	1	1	1	1	0	0	1
Y178X	1	1	1	0	1	0	0	0
M134I	1	1	1	1	1	0	0	1
R173P	1	1	1	1	1	0	0	1
R15S	1	1	1	0	1	0	0	0
Y27C	1	1	1	1	1	0	0	1
K6E	1	1	1	0	1	0	0	1
H118P	1	1	1	1	1	1	1	1
G129E	1	1	1	1	1	1	1	1
T131I	1	1	1	1	1	0	0	1
A34D	1	1	1	1	1	0	0	1
4A	0	1	1	0	0	0	0	0
F56C	1	1	1	1	1	1	1	1
R173H	1	1	1	0	0	0	0	0
D107G	1	1	1	0	0	0	0	0
D326N	1	1	1	0	1	0	0	0
P246L	1	1	1	0	0	0	0	0
N12T	1	1	1	0	0	0	0	0
Y138L	1	1	1	1	1	1	1	1
M1I	1	1	1	1	1	0	0	1
V255A	1	1	1	1	1	0	0	1
H93Y	0	1	1	0	1	0	0	0
R335X	1	1	0	0	0	0	0	1
I135V	1	1	1	1	1	1	1	1
I135T	0	1	1	0	0	0	0	0
L70V	1	1	1	0	0	1	0	0
E73K	1	1	1	0	1	0	0	0
T202I	0	1	1	0	0	0	0	0
I101F	1	1	1	0	0	0	0	0
T167N	1	1	1	0	0	0	0	0
C211W	1	1	1	0	0	0	0	0
N262S	0	1	1	0	0	0	0	0
Y176C	0	1	1	1	1	1	1	1
K322E	1	1	1	0	0	0	0	0
W274L	0	1	1	0	0	0	0	1
H93R	1	1	1	0	0	1	1	1
Y65C	0	0	0	0	0	0	0	0
L295V	1	0	0	0	1	0	0	0
T78A	1	0	0	1	0	1	0	1
WT3	0	0	0	0	0	0	0	0
WT1	0	0	0	0	0	0	0	0
H93Q	1	0	0	0	0	0	0	0
E256K	0	0	0	0	0	0	0	0
F279L	0	0	1	0	0	0	0	0
E157G	1	0	1	0	0	0	0	0
G285X	0	0	0	0	0	0	0	0
N356Q	0	0	0	0	0	0	0	0
N117S	0	0	0	0	0	0	0	0
A309S	0	0	0	0	0	0	0	0
WT4	0	0	0	0	0	0	0	0
WT2	0	0	0	0	0	0	0	0
E307Q	0	0	0	0	0	0	0	0
T348S	0	0	0	0	0	0	0	0
P354Q	0	0	0	0	0	0	0	0
R357S	0	0	0	0	0	0	0	0
N356H	0	0	0	0	0	0	0	0
T363N	0	0	0	0	0	0	0	0
Q346R	0	0	0	0	0	0	0	0
A79T	0	0	0	0	0	0	0	0
D268E	0	0	0	0	0	0	0	0
I203V	0	0	0	0	0	0	0	0
K330E	0	0	0	0	0	0	0	0
N228S	0	0	0	0	0	0	0	0
Q298E	0	0	0	0	0	0	0	0
M198I	0	0	0	0	0	0	0	0
Y346F	0	0	0	0	0	0	0	0
